0 51
1 12
2 9
2 14
2 121
2 181
2 185
2 197
3 8
3 14
3 198
3 209
4 7
4 129
4 231
5 11
5 12
5 25
5 81
6 7
6 161
6 255
7 175
7 223
8 14
8 96
8 126
9 15
9 68
9 160
9 169
9 205
9 237
10 15
10 53
10 74
11 12
11 14
11 24
11 26
11 65
13 14
13 155
13 157
13 227
13 242
14 243
16 18
16 21
16 82
16 177
16 222
16 245
17 21
17 22
17 48
17 51
18 21
18 24
18 93
19 24
19 27
19 163
19 208
19 218
20 22
20 24
20 27
20 28
21 23
21 26
21 31
21 152
21 168
21 231
22 28
22 29
23 27
23 58
23 66
24 29
24 31
24 178
24 214
25 26
25 64
25 75
25 151
25 187
25 248
26 27
26 28
26 67
26 171
26 220
28 29
28 30
28 49
29 30
29 44
29 64
30 38
30 52
30 107
30 148
30 188
30 238
32 33
32 36
32 39
32 102
32 200
32 204
33 35
33 42
33 43
33 55
33 74
33 135
33 168
34 37
34 38
34 40
34 42
34 43
34 46
34 47
34 204
35 138
35 166
36 37
36 107
36 188
37 38
37 39
37 42
37 101
37 107
37 145
38 39
38 41
38 44
38 45
38 70
38 244
39 43
39 77
39 176
40 41
40 43
40 44
40 47
40 98
40 141
40 152
41 144
41 151
42 47
43 47
43 55
43 104
44 63
46 114
46 155
47 118
47 143
47 221
48 51
48 53
48 54
48 57
48 58
48 60
48 63
48 253
49 50
49 53
49 61
49 63
50 52
50 61
50 62
50 63
50 108
50 134
50 205
51 52
51 53
51 57
51 60
51 69
51 237
51 241
52 53
52 58
52 150
52 215
52 254
53 86
53 124
53 211
54 55
54 59
54 60
54 63
54 66
54 94
54 153
55 60
55 178
55 245
56 62
56 85
56 127
56 138
56 191
57 58
57 63
57 79
59 60
61 62
61 109
61 130
61 151
63 68
63 91
64 65
64 74
64 77
65 70
65 78
65 141
65 157
65 193
65 228
66 68
66 71
66 72
66 73
66 75
66 169
66 220
68 70
68 72
68 73
68 74
68 76
68 149
68 237
69 74
70 71
70 72
70 74
70 76
70 77
70 146
70 177
71 77
71 79
71 84
72 75
72 79
72 96
72 183
73 74
73 75
73 202
74 75
74 79
74 130
74 146
74 185
74 212
75 76
75 78
75 145
75 232
76 83
76 123
76 242
77 177
77 201
78 115
78 236
79 84
79 165
79 207
80 83
80 89
80 194
80 197
80 211
80 219
81 83
81 88
81 156
81 235
81 243
82 90
82 91
82 115
82 164
83 92
83 93
83 95
83 105
83 108
83 223
84 85
84 88
84 89
84 93
84 250
84 255
85 86
85 101
85 168
85 223
86 88
86 92
86 93
86 127
87 89
87 94
87 161
88 89
88 92
88 93
88 107
88 127
88 212
89 92
89 182
89 203
90 92
90 94
90 95
91 93
91 240
93 179
93 194
93 253
94 118
94 168
94 216
95 209
95 220
96 100
96 101
96 102
96 103
96 111
96 246
96 247
97 101
97 102
97 104
97 105
97 162
97 211
98 106
98 111
98 226
99 110
99 184
100 149
101 102
101 110
101 181
102 110
102 111
103 104
103 144
104 105
104 108
104 111
104 154
104 177
104 182
105 108
105 111
106 107
106 108
106 110
106 220
106 229
107 249
108 134
108 244
110 188
110 205
111 253
112 115
112 118
112 123
113 118
113 126
114 115
114 117
114 119
114 121
114 124
114 142
114 199
114 203
115 117
115 118
115 126
116 117
116 120
116 122
116 125
116 134
116 159
117 120
117 121
117 127
117 152
117 232
118 123
118 127
118 140
119 121
119 123
119 124
119 204
120 127
120 222
120 236
121 124
121 238
121 239
122 125
122 127
122 235
123 125
123 173
124 126
124 137
124 146
124 204
125 127
126 215
127 174
127 185
128 132
128 136
128 138
128 140
128 159
128 203
129 133
129 156
129 241
130 133
130 135
130 160
131 133
131 135
131 138
131 210
132 133
132 134
132 143
132 194
132 203
132 230
133 155
133 194
133 246
135 139
135 140
135 167
136 140
136 143
136 155
136 240
137 142
137 219
138 141
139 191
140 143
140 248
141 220
142 143
144 146
144 149
144 150
144 151
144 157
144 158
144 197
145 146
145 149
145 151
146 148
146 149
146 158
146 198
147 159
147 179
148 175
148 224
149 157
149 181
149 220
150 151
150 184
151 156
152 156
152 157
152 158
152 190
153 154
153 158
153 210
154 155
154 156
154 159
154 172
154 195
155 157
155 158
155 185
155 218
156 158
156 159
156 166
156 199
157 246
157 255
158 187
159 165
159 197
160 174
160 206
161 162
161 224
162 163
162 168
162 169
163 164
163 173
164 171
164 206
165 167
165 168
165 169
166 173
166 247
167 173
167 250
168 175
168 184
168 188
168 209
169 170
169 175
170 171
170 173
170 225
171 174
171 211
172 174
175 237
175 250
176 177
176 180
176 185
176 191
177 179
177 185
177 190
177 194
177 204
177 218
178 179
178 187
178 192
180 187
180 247
180 254
181 183
181 188
181 191
181 216
182 191
183 186
183 190
184 229
185 186
185 190
187 191
191 238
192 199
192 202
192 211
192 224
193 198
194 195
194 196
194 198
194 201
194 202
194 203
194 205
194 255
195 204
195 206
195 207
195 247
196 199
196 204
196 207
196 249
197 198
197 204
198 199
198 213
199 217
200 201
200 202
202 205
203 205
203 206
203 207
203 249
204 207
204 252
206 207
208 216
208 219
208 221
208 222
208 223
209 217
209 219
209 252
210 217
211 213
211 215
211 216
211 221
212 216
212 222
213 219
213 220
213 221
213 223
214 215
214 221
215 217
215 220
216 222
216 248
217 219
217 221
217 222
219 220
219 222
220 221
220 222
220 238
224 226
224 232
224 238
225 229
225 230
225 231
225 253
226 234
227 228
227 229
227 234
227 235
227 238
228 232
229 231
229 232
229 236
230 237
232 233
233 237
234 237
236 237
236 239
240 243
240 245
240 255
241 242
242 243
242 250
242 252
243 244
243 247
243 253
244 247
244 253
245 247
245 249
245 252
246 252
246 253
246 254
247 248
247 249
247 251
247 254
248 254
249 253
249 255
250 254
253 254
253 255
