0 8
0 544
0 258
0 435
0 14
1 344
2 552
2 410
2 565
2 471
3 601
3 197
3 463
4 170
5 490
5 2164
6 490
6 251
7 258
8 258
8 435
8 14
8 751
9 481
9 308
9 453
9 761
10 192
10 193
10 420
10 280
10 519
11 624
11 659
12 155
12 84
13 1234
13 482
13 578
14 384
14 258
14 708
14 613
14 393
14 746
14 268
14 751
14 400
14 232
14 242
14 435
14 437
14 544
14 443
14 736
14 31
15 129
15 322
15 701
15 234
15 399
15 80
15 152
15 538
15 253
15 254
16 552
16 1697
16 466
16 566
17 146
18 866
18 747
18 745
18 427
18 1932
18 890
18 127
19 74
19 571
20 640
20 25
20 267
20 732
20 334
21 1378
21 438
21 294
21 567
22 129
22 2257
22 163
22 1790
22 191
23 41
23 759
24 269
24 39
25 456
25 1897
25 778
25 1181
26 1129
26 747
26 2612
27 532
27 84
28 586
28 611
28 1718
28 1606
29 426
29 429
29 382
29 319
30 2276
30 679
30 1148
30 285
30 231
31 250
31 1116
32 679
33 250
33 1701
33 1591
34 66
34 35
34 565
34 566
34 559
36 257
36 2390
36 1701
36 745
36 1066
36 1933
36 1974
36 1591
36 2072
37 563
38 273
38 219
38 372
38 563
38 1689
39 82
40 761
41 352
41 2456
41 1733
41 1982
41 1713
41 115
41 1716
41 725
41 888
41 889
41 892
41 94
41 533
42 793
42 163
42 188
42 189
43 576
43 747
44 88
44 2428
44 686
45 492
45 490
45 1459
45 220
46 489
46 867
46 301
46 238
47 87
48 2456
48 2682
48 725
48 1783
49 643
49 581
50 643
50 581
50 150
50 583
51 772
51 645
51 2559
52 2580
52 228
52 478
52 430
52 2487
53 1563
53 803
53 243
53 1439
54 712
54 523
54 1687
54 2334
54 615
55 163
55 1832
55 361
55 844
55 1905
55 1784
56 778
56 1027
56 967
57 552
57 306
57 1459
57 565
57 967
58 536
58 1891
58 990
58 2495
59 576
59 839
59 872
59 874
59 1709
59 1520
59 570
60 552
60 688
60 562
60 252
60 565
61 240
62 324
62 2566
62 423
62 2474
62 332
62 945
62 2425
63 153
63 210
63 739
63 1546
64 289
64 284
64 486
64 583
65 744
65 743
66 288
66 1248
66 69
66 2310
66 2359
66 2441
66 2122
66 215
66 1698
66 2157
66 149
66 2294
66 183
66 2520
66 1531
67 729
68 1632
68 1825
68 522
68 979
68 1845
68 2007
68 1979
70 1986
70 931
70 999
70 1521
70 1692
70 255
71 929
71 1923
71 677
71 1641
71 74
71 661
71 1559
71 2442
72 771
72 745
72 202
72 747
73 747
74 1024
74 263
74 1928
74 906
74 1676
74 661
74 154
74 2335
74 547
74 680
74 949
74 310
74 193
74 1220
74 2124
74 975
74 2513
74 1017
74 2390
74 377
74 345
74 2266
74 987
74 604
74 2013
74 2654
74 1634
74 867
74 871
74 1103
74 2284
74 622
74 881
74 787
74 2421
74 505
74 252
74 511
75 288
75 1123
75 1354
75 2299
75 2122
75 1854
75 1855
76 131
76 2390
76 869
76 518
76 392
76 1548
76 2532
76 1934
76 975
76 1128
76 181
76 694
76 2327
76 345
76 250
76 661
77 337
78 560
78 469
78 214
78 2681
78 157
78 766
79 438
79 2207
80 2044
81 647
82 1440
82 1378
82 548
82 295
82 239
82 305
82 1553
82 565
82 410
83 747
83 294
84 998
84 1803
84 715
84 1550
84 1347
84 155
84 950
84 1240
84 1241
84 347
85 2368
85 294
85 552
85 425
85 465
85 565
86 249
86 652
86 373
86 735
87 2245
87 383
87 2021
87 719
88 225
88 682
88 587
88 208
88 371
88 116
88 760
88 762
88 251
89 635
89 638
89 430
90 680
91 745
91 747
92 2438
92 136
92 1259
92 552
92 565
92 479
93 725
93 759
94 126
95 161
95 1255
95 358
95 759
96 649
96 478
96 438
96 2061
97 439
98 2696
98 1954
98 615
99 2592
99 2679
99 1255
99 1803
99 1613
99 2578
99 1619
99 759
99 1722
99 1852
100 265
100 1611
100 758
101 1112
101 2680
101 331
101 2686
102 1824
102 1893
102 1895
102 1964
102 404
102 2583
102 2012
102 2333
103 128
103 465
103 565
103 294
103 471
104 771
104 747
105 248
105 2434
105 1326
106 597
107 898
107 1288
107 108
107 1937
107 498
107 250
108 898
108 1288
108 304
108 498
108 250
109 640
109 672
109 459
109 1888
109 2053
109 2054
109 967
109 488
109 778
109 171
109 955
109 1296
109 1074
109 884
109 535
109 2315
109 635
109 1661
109 507
110 745
110 747
110 687
111 350
112 624
112 881
112 747
112 572
113 747
114 171
115 904
115 138
115 1713
115 2421
115 2153
116 2428
116 686
117 345
117 155
117 452
117 513
118 465
118 636
118 565
119 228
119 686
119 430
120 1184
120 2175
120 188
120 1959
121 1825
121 595
121 1990
121 731
122 2400
122 124
122 1093
122 127
123 553
124 2400
124 745
124 747
124 127
125 160
125 1857
125 394
126 2208
127 2400
127 745
127 747
127 2228
128 565
128 294
129 1728
129 1409
129 163
129 2220
129 2446
129 2193
129 2451
129 1204
129 1973
129 538
129 2363
129 188
129 2165
130 640
130 672
130 459
132 346
133 608
133 394
133 611
134 505
134 1782
134 1118
134 2135
135 418
135 654
136 2635
136 1539
136 1413
136 1479
136 2172
136 1259
136 2487
136 1102
136 2543
136 1776
136 2399
136 244
136 2231
136 2580
136 986
136 159
136 1370
136 479
137 416
137 138
137 748
138 416
138 748
138 1713
138 1716
138 892
139 2361
139 188
140 323
141 1184
141 163
141 188
142 1283
142 1318
142 230
142 391
142 520
142 1547
142 227
142 823
143 201
143 346
143 363
143 180
143 337
144 444
144 188
144 2102
145 1218
145 163
145 390
145 1224
145 2251
145 1646
145 2248
145 2286
145 2296
145 2521
145 1530
145 2280
146 427
146 747
147 479
148 656
148 1649
148 210
148 460
148 1687
150 643
151 360
151 1528
151 1595
152 1383
153 747
153 294
154 392
155 513
156 521
156 314
156 236
156 431
157 897
157 393
157 1038
157 916
157 2021
157 1452
157 2095
157 560
157 1075
157 181
157 1718
157 1289
157 1340
157 2230
157 716
157 979
157 1550
157 214
157 1375
157 2019
157 740
157 1637
157 2540
157 2417
157 371
157 2680
157 1017
157 766
158 184
158 433
158 707
158 598
159 2674
159 2543
159 2066
159 985
159 2172
160 1857
160 322
160 2540
160 469
160 2681
161 996
161 2311
161 713
161 684
161 759
161 1147
162 173
162 775
163 1536
163 2563
163 2564
163 1030
163 1544
163 523
163 530
163 1114
163 546
163 1571
163 1060
163 1573
163 1575
163 2600
163 1065
163 1799
163 2604
163 1069
163 1070
163 563
163 1590
163 1594
163 1717
163 2116
163 1098
163 1099
163 2638
163 1106
163 1110
163 1113
163 602
163 606
163 2659
163 1127
163 1130
163 2667
163 1136
163 2673
163 1650
163 1139
163 2173
163 2175
163 1558
163 1159
163 1675
163 658
163 659
163 2196
163 1685
163 1305
163 2200
163 1689
163 1178
163 1691
163 2204
163 1696
163 624
163 174
163 2077
163 689
163 1715
163 1205
163 1206
163 1207
163 2232
163 1404
163 188
163 189
163 191
163 1728
163 1729
163 1218
163 1219
163 1734
163 1224
163 1225
163 714
163 2251
163 717
163 2259
163 727
163 1572
163 219
163 2274
163 1253
163 743
163 744
163 1257
163 237
163 2286
163 1775
163 757
163 2295
163 1784
163 1274
163 1277
163 1792
163 769
163 2518
163 1286
163 1153
163 266
163 2316
163 781
163 1807
163 1303
163 793
163 800
163 290
163 1831
163 813
163 309
163 1334
163 2361
163 1850
163 2363
163 1333
163 1872
163 1362
163 856
163 346
163 2396
163 1890
163 1379
163 1380
163 2177
163 1905
163 380
163 2280
163 1410
163 390
163 395
163 910
163 402
163 2451
163 1943
163 2202
163 415
163 2554
163 422
163 935
163 940
163 942
163 1457
163 1971
163 2265
163 1467
163 2248
163 448
163 961
163 1611
163 966
163 2296
163 982
163 2521
163 1498
163 2298
163 1515
163 765
163 2039
163 1530
163 2557
164 740
164 517
165 432
166 457
166 1125
166 649
167 552
167 554
167 1459
167 559
168 1728
168 2604
168 475
168 1756
169 570
169 212
170 250
172 635
172 245
172 430
173 294
173 552
173 2485
173 1378
173 565
173 566
173 575
174 2409
174 501
174 503
175 747
176 379
176 756
177 965
177 1959
177 430
177 911
177 2192
177 1489
177 885
177 635
178 378
178 286
179 608
179 611
179 331
180 350
181 766
181 518
181 662
182 491
182 468
183 539
183 541
183 454
184 432
184 433
184 428
185 332
185 324
185 389
186 747
186 588
186 566
186 294
187 462
188 523
188 262
188 717
188 721
188 755
188 757
188 380
188 189
188 415
189 2664
189 395
189 2102
190 2223
190 356
190 519
191 448
191 395
191 294
192 193
192 420
192 519
192 439
192 280
192 705
192 510
193 420
193 519
193 238
193 2549
193 280
194 673
195 707
195 196
195 735
196 216
196 707
197 633
197 749
197 295
198 747
198 655
199 640
199 591
200 536
200 1464
200 1891
201 1990
201 427
201 1718
201 350
202 771
202 427
202 204
202 747
203 747
203 2499
203 359
204 741
204 747
204 1645
204 274
204 1811
204 597
204 2650
204 2410
205 600
205 745
205 427
205 747
206 1891
206 1028
206 1490
206 1488
206 1042
206 536
207 688
207 1536
207 747
207 1676
208 1569
208 2343
208 430
208 1270
208 635
209 2704
209 2334
209 415
210 738
210 644
210 295
210 552
210 1459
211 1527
211 2076
211 325
211 645
212 576
212 570
213 490
213 492
213 734
214 587
214 469
215 696
215 2380
215 2061
215 478
216 735
217 2355
217 747
217 685
218 378
218 1290
218 478
219 712
219 1738
219 1325
219 846
219 2563
219 402
219 563
219 757
219 1689
219 1404
220 552
220 490
220 295
221 629
222 643
222 581
223 686
223 430
224 1601
224 1819
224 597
225 2428
225 686
226 617
227 1318
227 296
227 1547
227 2319
227 638
227 438
227 823
227 378
227 478
228 2465
228 323
228 900
228 259
228 2617
228 1692
229 747
229 477
230 1283
230 1284
230 391
230 520
230 427
230 406
231 486
231 285
232 268
232 613
233 595
233 1990
234 747
235 747
236 1617
236 1270
236 430
236 1271
237 329
237 1060
238 1815
238 301
238 489
239 552
239 1378
239 565
240 2652
240 2308
241 763
242 1006
242 574
243 728
243 357
244 565
244 750
245 1636
246 560
247 1261
247 2446
247 2257
247 563
247 500
247 1973
247 982
247 1117
248 2088
248 419
248 1326
248 398
249 2649
249 652
250 736
250 427
250 708
250 577
250 584
250 304
250 498
250 499
250 694
250 639
251 2560
251 865
251 482
251 932
251 1505
251 1877
252 688
252 562
252 294
253 1815
253 2670
254 1176
255 569
255 421
255 767
256 928
256 2369
256 430
256 2225
256 983
256 634
256 635
257 480
257 667
258 544
258 1031
258 268
258 751
258 400
258 435
258 1111
259 320
259 582
260 419
260 619
260 1324
260 2069
260 2166
260 1527
260 2524
260 2559
261 345
261 626
262 793
262 266
262 1980
263 668
263 2421
264 635
264 638
265 758
267 732
267 459
267 334
268 613
268 2571
268 616
268 2046
270 467
270 495
270 339
270 276
270 342
270 573
271 2056
271 718
272 914
272 516
272 1551
273 372
274 566
274 478
275 464
276 2115
276 1993
276 2546
276 467
276 342
277 523
277 552
277 483
277 294
277 567
278 1898
278 324
278 326
279 464
280 2549
280 519
281 858
281 460
282 592
282 589
283 523
283 2093
283 565
283 747
284 486
284 583
285 1148
285 486
286 1963
286 2195
286 378
287 640
287 549
287 591
288 1377
288 2380
288 2157
288 2037
289 1537
289 612
289 2568
289 1278
289 1498
289 1534
289 1535
290 1911
290 2220
290 1839
291 487
292 904
292 759
293 576
293 387
294 1672
294 665
294 1438
294 807
294 554
294 2476
294 564
294 565
294 566
294 699
294 1353
294 588
294 465
294 466
294 477
294 483
294 636
294 2430
294 502
294 633
294 638
295 1316
295 1012
295 565
295 1782
295 471
295 2078
296 1236
296 692
296 638
296 438
297 441
297 1321
297 809
298 552
298 410
299 2083
299 746
299 1827
299 596
299 2110
300 593
300 1621
301 489
302 432
302 428
302 598
303 426
303 2091
303 1174
303 478
304 1912
304 427
304 1461
305 552
305 410
305 565
306 1376
306 967
306 552
306 554
306 565
307 598
307 735
308 1456
308 2028
310 2513
310 747
310 668
311 552
311 406
312 577
312 427
312 772
312 645
313 801
313 1354
313 1642
313 534
313 1377
314 1244
314 1073
314 1684
314 509
314 1726
314 1596
315 747
316 344
317 417
317 508
317 2326
318 2310
318 426
318 1644
318 686
318 2333
318 1173
318 2427
318 445
318 991
319 1273
321 1192
321 2305
321 1954
321 2179
321 566
322 1027
322 967
322 1644
322 2508
323 2560
323 1322
323 2467
324 389
324 326
324 327
324 332
325 1201
326 327
327 945
327 1899
327 1532
328 2619
328 747
330 576
330 354
330 731
330 747
330 359
331 774
332 1064
332 389
333 565
333 477
333 566
333 463
335 344
335 585
335 378
335 426
336 747
337 346
337 363
338 627
339 1602
339 1549
339 342
339 495
340 529
340 341
340 709
341 529
341 709
342 2016
342 467
342 776
342 1993
342 495
342 1800
342 2546
342 1945
342 729
343 1571
343 1577
343 1098
343 530
343 1523
343 1303
343 1274
344 1671
344 521
344 2589
344 1312
344 1442
344 675
344 1445
344 2215
344 348
344 2609
344 2291
344 2229
344 2441
344 2617
344 963
344 2339
344 1622
344 1881
344 1627
344 1244
344 2171
344 1260
344 1007
344 2032
344 2290
344 1267
344 2426
344 1275
345 1924
345 2421
345 622
345 2266
345 2389
346 363
347 452
347 999
347 998
347 713
348 1596
348 1244
348 638
349 747
350 770
350 427
350 664
350 730
350 351
351 730
352 904
352 1372
353 427
353 747
354 576
354 1072
354 1520
354 839
355 576
355 1093
355 1094
355 745
355 2068
355 1562
356 510
357 1563
357 537
357 803
357 2089
358 1255
359 2376
359 2498
359 2499
359 2567
359 808
359 2505
359 1068
359 1871
359 1320
359 2322
359 2422
359 1787
359 1342
360 698
362 747
362 2191
364 590
364 365
364 366
365 2112
365 2572
365 590
366 590
367 440
367 552
367 483
367 565
368 611
368 747
369 747
370 552
370 562
370 875
371 2507
373 652
374 552
374 455
375 1576
375 635
375 836
375 638
376 704
376 641
376 558
377 622
378 1027
378 1539
378 1290
378 396
378 1678
378 2447
378 2195
378 2583
378 1061
378 1963
378 692
378 1207
378 960
378 585
378 1238
378 2012
378 1644
378 2290
378 2291
378 2042
378 1275
379 756
380 1473
380 1474
380 934
380 1257
380 2641
380 2196
380 1737
380 1784
381 2342
381 635
381 686
381 430
382 2132
382 1236
382 1837
383 631
383 638
385 565
385 567
386 745
386 611
386 747
388 2590
388 439
389 1937
389 577
391 1283
391 427
391 438
394 608
396 478
397 2346
397 659
397 747
398 776
398 419
399 1250
399 427
399 1251
400 2360
400 555
400 2354
401 632
401 577
401 442
401 2462
402 681
402 538
402 403
403 2104
403 2309
403 2302
405 1592
405 753
405 1285
406 2307
406 427
407 512
407 1298
407 1763
407 1875
407 2439
408 630
409 753
409 1298
409 2582
409 1606
410 565
411 512
411 1600
411 2594
411 1891
411 2232
411 2582
411 536
411 1470
412 552
412 688
413 611
414 1442
414 1445
414 908
414 1877
414 1174
414 440
415 2353
415 712
415 1737
415 523
415 1836
415 1832
415 2664
415 995
415 789
415 2103
415 1790
416 1913
416 2510
416 1713
417 508
418 1312
418 740
418 1198
418 1269
418 479
419 1326
419 1747
419 1527
420 2214
420 519
420 439
420 2590
422 1691
422 1069
422 1685
423 1290
423 557
423 1934
423 558
423 2425
424 571
425 565
426 2369
426 1187
426 836
426 1061
426 1576
426 937
426 1486
426 2126
426 1275
426 1528
426 2431
427 2306
427 1283
427 1284
427 2437
427 1999
427 1547
427 1037
427 526
427 2448
427 1811
427 916
427 2453
427 674
427 665
427 2383
427 1318
427 2255
427 1577
427 2658
427 561
427 946
427 1975
427 658
427 823
427 698
427 1340
427 2295
427 1914
427 584
427 587
427 461
427 1488
427 696
427 2258
427 2388
427 2574
427 1103
427 477
427 1760
427 610
427 1766
427 2024
427 2412
427 493
427 494
427 954
427 1399
427 1274
427 2683
427 2044
427 1405
428 432
428 598
428 433
429 1514
429 1290
430 1792
430 1284
430 651
430 524
430 1165
430 2197
430 2137
430 1568
430 1569
430 1698
430 547
430 2343
430 683
430 686
430 1207
430 2593
430 2487
430 1617
430 1637
430 2557
430 2033
430 1270
430 632
430 634
430 635
430 1020
431 1608
431 2137
432 433
432 598
434 2473
434 1339
434 597
435 751
436 635
438 710
438 550
438 720
438 616
438 692
438 607
440 562
441 638
442 635
442 1908
444 753
445 690
446 552
446 554
447 1501
447 630
447 1471
449 1539
449 638
449 566
449 479
450 954
450 2558
450 646
451 552
451 2537
451 2666
452 513
453 1025
453 514
453 2059
453 2455
453 1566
453 549
453 1449
453 2092
453 2354
453 1712
453 2098
453 2099
453 2618
453 706
453 1358
453 591
453 1124
453 876
453 2156
453 2034
453 1269
453 1661
454 1368
454 539
454 541
455 552
456 672
456 549
456 2455
456 1296
456 2099
456 1748
456 569
456 1560
456 2653
457 649
458 745
458 747
459 640
459 1705
462 1644
462 2582
463 564
463 483
463 477
464 573
464 467
465 2368
465 2027
465 566
465 523
465 2672
465 466
465 565
466 552
466 565
466 566
467 2016
467 2000
467 495
467 729
468 896
468 1713
468 491
468 2377
470 478
471 1632
471 1859
471 621
471 1045
472 552
472 650
472 1006
472 566
473 552
473 1459
474 698
474 635
476 1056
476 1091
476 605
477 2658
477 745
477 1766
477 565
477 566
477 2409
477 1645
478 520
478 618
478 523
478 754
478 497
478 565
478 568
478 479
479 649
479 1354
479 2636
479 2300
479 1627
480 2570
480 667
480 2270
482 578
482 551
483 933
483 552
483 650
483 749
483 566
484 641
484 642
484 1574
485 2561
485 2514
485 2380
485 1838
485 711
486 2276
486 1597
486 1148
486 1278
487 538
488 591
488 2053
488 549
489 747
489 2670
489 1815
490 492
490 734
491 2377
491 2318
492 1186
492 2419
492 1741
492 2323
492 565
492 734
494 747
496 1896
496 2393
496 501
496 663
497 2342
499 1288
499 1287
500 563
500 2444
500 1767
501 663
501 503
502 2536
502 747
502 565
502 567
503 1952
503 2029
503 1851
503 2396
503 1813
504 702
506 514
507 1888
507 549
507 2548
507 2391
507 2427
507 798
508 523
508 2326
509 669
510 2223
510 519
511 611
514 569
515 2164
515 637
517 1170
517 2509
517 1198
518 766
518 2532
518 662
519 705
519 2223
519 2448
519 2608
519 2590
519 2549
520 524
520 719
521 2312
521 1259
521 1081
521 1082
521 638
522 525
523 1921
523 2442
523 1931
523 1676
523 910
523 1687
523 540
523 551
523 2600
523 2480
523 565
523 1214
523 961
523 717
523 1616
523 2642
523 870
523 2408
523 882
523 2551
523 1790
524 1169
524 1454
525 1425
525 1419
525 684
525 1427
526 747
527 1656
527 1968
527 747
527 2662
527 2606
528 678
529 709
531 1490
531 2187
531 693
533 777
535 672
535 761
535 1560
537 1204
537 606
538 2309
538 1738
538 1036
538 2193
538 1204
538 2165
538 1689
539 1665
539 1123
539 1453
539 1209
539 1210
539 541
540 1640
540 1121
540 603
540 543
541 1123
542 779
542 747
542 1203
544 751
545 747
548 552
548 1859
548 1860
548 565
549 640
549 672
549 591
549 574
550 569
550 1422
550 2423
551 2473
551 2215
552 644
552 653
552 621
552 601
552 671
552 559
552 688
552 691
552 575
552 723
552 738
552 749
552 636
552 554
553 2459
554 1859
554 875
554 565
555 2354
555 556
555 615
556 2360
556 2354
556 615
557 558
558 2660
558 905
558 1816
558 1137
558 2034
558 1555
558 1934
558 1641
558 1532
558 2463
559 2341
559 1378
559 1816
560 740
560 938
560 1452
560 2287
560 955
560 1375
561 745
561 747
562 1889
562 2018
562 1401
562 1183
562 1117
562 2014
562 671
564 1841
564 738
564 565
565 1316
565 644
565 773
565 1546
565 1676
565 910
565 2442
565 1782
565 1213
565 1540
565 1438
565 671
565 1440
565 1957
565 2472
565 1373
565 2480
565 691
565 2485
565 566
565 1975
565 1012
565 575
565 1859
565 2628
565 2118
565 2642
565 842
565 1741
565 1616
565 1401
565 601
565 621
565 1376
565 738
565 1378
565 2027
565 2629
565 2672
565 1529
565 882
565 1585
565 633
565 1727
565 1790
566 1544
566 2221
566 1816
566 671
566 2480
566 1447
566 688
566 1459
566 699
566 2485
566 588
566 858
566 733
566 2658
566 1643
566 1782
566 633
567 1828
567 970
568 843
569 1025
569 1092
569 710
569 1457
569 1986
569 1712
569 1000
569 1522
569 2099
569 1269
569 1430
569 1273
569 1181
569 767
570 576
570 1520
570 1922
570 1243
570 1381
570 872
570 874
570 1067
570 1524
570 1709
570 1200
570 2026
570 1814
570 1258
570 1245
570 1246
571 1762
571 2694
571 2331
571 2495
572 624
572 747
572 881
574 640
574 672
574 1827
574 1962
574 2475
574 1006
574 2360
574 2040
575 738
575 1378
575 843
575 882
575 2485
576 1922
576 1067
576 1801
576 1932
576 1814
576 1710
576 605
576 1200
576 2026
576 834
576 1526
576 839
576 726
576 731
576 1245
576 863
576 1381
576 874
576 1524
576 1014
576 2552
576 1258
577 2660
577 2492
577 2034
577 1532
577 1502
578 1122
578 1877
578 1333
579 696
579 611
579 747
580 581
580 1126
580 1497
580 922
580 1212
580 1215
582 1792
582 818
582 1498
583 643
583 1126
583 2568
583 2371
583 2398
583 1278
583 1214
584 639
585 1061
585 2091
585 2290
585 911
585 2291
585 1275
587 2239
588 699
588 747
589 592
589 1509
591 640
591 672
591 1186
591 2475
591 1105
591 2155
591 2690
591 1358
591 848
591 1032
591 2054
591 2182
592 1144
592 1509
593 594
594 1122
594 1194
594 1621
597 675
599 747
600 745
600 747
600 1052
601 611
601 1741
602 1114
602 2334
603 1640
603 670
603 1047
604 668
605 676
607 1306
607 821
607 1055
608 611
608 680
608 975
608 2230
609 747
609 719
610 747
611 899
611 1668
611 2050
611 1935
611 2325
611 1315
611 2340
611 1564
611 938
611 2352
611 2230
611 1079
611 864
611 1732
611 2501
611 1352
611 2505
611 2378
611 716
611 718
611 719
611 1488
611 2385
611 2260
611 1493
611 1103
611 1116
611 1499
611 1763
611 1755
611 2540
611 1265
611 2676
611 633
612 2568
612 1348
612 629
612 1046
613 2496
613 2571
613 616
613 2107
614 615
616 2046
618 638
620 747
621 738
621 1859
623 2341
623 1064
623 1937
623 1172
623 2140
623 637
624 659
624 700
625 659
625 700
626 687
627 1057
627 1562
627 1270
627 1679
628 747
629 1537
629 1535
631 1057
631 1562
632 1582
632 683
632 2508
632 1909
632 635
633 1459
634 2593
634 1570
634 1513
634 686
634 635
635 640
635 651
635 660
635 686
635 683
635 722
636 1573
636 2204
636 2027
636 2672
636 2233
636 764
636 2173
636 2174
636 2687
638 1027
638 779
638 1808
638 1539
638 1312
638 2465
638 1189
638 1327
638 2171
638 1460
638 1468
638 701
638 722
638 862
638 2146
638 1895
638 2409
638 2541
638 2673
638 2426
638 1919
638 2045
639 1763
640 2475
640 2054
640 1897
640 1363
640 732
641 1739
642 697
643 1121
643 1904
643 2489
645 742
648 693
649 2560
649 2123
649 1643
649 752
649 2403
649 2581
649 2294
650 656
650 1557
650 1006
653 2480
654 1260
655 747
656 657
656 773
657 1581
658 1577
659 695
661 1191
663 2393
664 978
665 747
666 745
667 867
667 1928
667 2570
667 1356
667 2227
667 1974
667 2072
667 2270
668 2562
668 1315
668 1508
668 2413
668 2414
668 975
668 2683
671 1459
671 1599
672 1386
672 1003
672 1004
672 2004
672 2360
672 1363
672 1293
672 2696
672 2040
672 1460
672 2653
672 924
672 2329
672 1343
675 1442
675 2339
675 1445
675 2215
675 1429
676 1056
676 1091
676 1014
680 747
681 712
681 2309
682 2430
682 1791
683 1860
683 686
684 779
684 1550
684 1425
685 747
686 1698
686 2541
686 2557
686 760
686 1273
687 1700
687 741
687 1704
687 745
687 2381
687 2683
687 1564
687 1157
688 1248
688 835
689 1826
689 1580
689 967
690 2457
691 1649
691 2658
691 1557
692 1191
693 1501
693 1471
695 1967
695 747
696 1672
696 747
698 1431
699 747
700 747
700 879
701 1644
703 2233
703 747
705 1910
708 1116
710 847
712 2664
712 1036
712 1965
714 833
714 1218
714 2089
714 1035
714 1299
717 1122
717 2502
717 2568
717 1877
719 1666
719 2561
719 747
719 1133
719 1838
719 1112
724 747
724 2612
726 1418
726 1068
727 1016
727 1136
727 1799
728 1127
728 943
728 1016
728 1305
728 1466
729 1945
729 1993
730 1889
730 770
731 808
731 1778
731 1656
731 1450
732 1897
735 1956
735 2649
735 2106
735 2527
736 1116
737 2024
737 747
738 1376
738 2628
738 2629
738 1741
738 1585
738 1727
738 1183
738 1213
740 1664
740 929
740 1667
740 1703
740 1683
740 1559
741 747
741 1157
742 1240
742 772
743 744
743 2316
743 2030
743 2659
743 2077
744 2316
744 2030
744 2077
745 771
745 1157
745 1932
745 2325
745 1564
745 2437
745 2336
745 1885
745 1704
745 1884
745 962
745 1763
745 1700
745 1756
745 1886
745 2162
745 2165
747 771
747 763
747 779
748 1933
748 1926
748 1941
749 1459
749 2485
752 1621
755 1404
755 2058
755 757
757 2058
757 1965
757 846
758 1980
760 2428
763 2355
763 1879
764 769
764 1573
764 1581
764 910
764 2687
764 2174
764 1311
766 2532
766 979
768 772
770 1285
772 1240
772 2166
772 2167
772 1241
772 1147
772 2076
772 1502
773 1643
773 1687
774 2707
774 1493
775 875
775 1459
776 2088
776 1326
776 2166
779 1203
780 1139
780 1598
781 1184
781 1533
781 846
782 1532
783 1328
783 1155
783 1812
783 1407
784 1338
784 845
784 1613
784 917
785 1328
785 1513
785 1155
785 1812
785 862
786 1363
786 1003
786 1004
786 791
787 1288
787 1437
787 1287
788 2341
788 1414
788 945
788 2323
788 1268
788 2425
789 1409
789 1206
790 2057
790 1234
790 1510
791 1560
791 1003
791 1004
791 1661
792 798
792 1095
793 1455
793 1691
793 1694
793 1069
793 1070
793 943
793 1330
793 1715
793 1333
793 1334
793 1467
793 1205
793 1734
793 1110
793 856
793 1249
793 1380
793 1127
793 1139
793 959
794 795
795 865
796 1629
797 1645
798 1105
798 1433
798 1095
799 2656
799 1122
799 1699
799 1706
800 1136
801 1475
801 1542
802 1168
802 973
803 1563
803 1439
804 1664
804 1585
804 1459
804 1697
805 930
805 990
806 1121
806 1138
806 1354
807 1672
807 1438
808 1320
808 1450
808 1342
808 863
809 1222
809 1190
809 812
809 1639
809 908
809 1229
809 814
809 1615
809 1044
809 1129
809 919
809 1080
809 1365
810 1718
810 1287
811 1140
811 1253
811 910
812 814
812 1044
812 1365
812 1080
812 1341
813 1523
814 1044
814 1129
814 1321
814 1080
814 1365
815 880
815 1523
816 881
816 1203
817 818
817 819
817 1212
817 1125
817 1367
818 1125
818 819
818 1212
818 1215
819 1212
819 1154
819 1215
820 1146
820 1115
820 1252
820 829
821 1421
821 1389
822 1644
822 1484
823 1283
824 1707
824 1621
824 1215
825 1707
825 1215
826 1273
826 1606
826 1237
826 1422
826 1457
827 913
827 909
827 1894
827 1527
828 1457
828 1422
829 1252
829 962
830 1252
831 2466
831 2243
831 885
832 1052
832 1701
833 1796
833 1516
833 1218
833 2001
834 1520
834 1067
834 1821
834 1814
835 1248
836 1595
836 1266
837 1489
837 1686
837 1007
838 1458
839 1520
839 874
839 1067
839 1709
839 1072
839 1526
840 1196
841 1240
841 2559
842 1540
843 2658
843 1101
844 1184
844 1784
844 974
844 934
846 2173
846 2204
846 1533
847 967
847 1032
847 848
847 1402
847 1468
848 1739
848 1223
848 1032
848 1607
848 967
848 1388
848 1400
848 1468
849 1720
850 917
851 1491
852 1654
852 1015
853 1019
853 1732
853 1053
853 2423
854 1178
854 2211
854 2598
854 1231
855 1338
855 1654
856 1016
856 1153
857 1483
857 2060
857 1125
858 2556
858 2035
858 991
858 1084
858 2303
859 1198
860 1184
860 1940
860 934
860 1911
861 1236
861 1678
861 1431
862 1155
862 1513
862 1812
862 2423
862 986
862 1019
862 2364
862 1407
863 2499
864 1079
865 1505
865 932
865 2560
866 890
867 1493
868 1649
868 1643
869 1374
870 1687
871 1591
872 1520
873 920
873 1520
874 1520
875 1192
875 933
876 1025
876 1006
876 1269
877 1569
877 1010
877 1651
877 1578
878 1472
878 1023
879 979
880 1523
881 1411
881 2405
881 1256
881 2423
881 2702
881 1203
881 2454
881 2295
881 2203
881 1119
882 1378
882 1316
882 1616
882 1012
882 1529
883 1665
883 1210
884 1658
885 1335
886 1295
887 1531
887 983
888 896
888 1731
889 904
889 892
889 2153
889 1713
891 1437
892 904
892 1713
892 1716
893 1290
893 1259
893 1174
894 1255
895 1436
896 1372
897 1240
898 1687
899 1672
899 1564
899 1565
900 1583
900 1351
900 1533
900 1207
901 1497
901 1554
901 1553
902 964
902 965
902 966
902 910
902 981
902 1174
903 1672
903 1491
904 1733
904 1372
905 976
905 1393
905 1397
905 1287
906 1019
906 1860
907 1252
908 2304
908 919
909 913
909 1894
909 1527
910 1673
910 1432
910 1311
910 1573
910 1589
910 1590
910 964
910 1221
910 966
910 1481
910 981
910 982
910 1117
910 1253
910 1131
910 1140
911 1354
912 1240
912 1241
912 1149
912 1150
914 1551
915 1172
915 1294
916 2373
916 2374
916 1038
916 2686
917 1338
918 1252
919 1129
920 1520
921 1265
921 1725
922 1416
922 1233
922 923
923 1416
923 1233
923 1126
924 1480
924 1539
924 1460
924 1309
925 1532
926 1112
926 1019
927 1328
927 1019
928 1636
928 983
929 1697
929 2442
929 1559
930 1254
930 1062
931 1000
931 1484
931 1053
931 1463
932 1505
934 940
934 1009
934 1353
934 1631
935 1136
936 1515
937 1234
938 2196
938 1127
939 1242
941 1441
941 1717
942 1153
943 1466
943 1016
943 1646
944 1337
944 1335
945 1287
945 1414
946 1600
946 1179
947 1328
948 1281
948 1282
948 1446
949 1512
949 1608
950 1240
950 1241
951 1401
951 1554
951 2605
952 1064
952 1660
953 972
954 969
954 1461
954 1591
955 1280
956 1178
956 995
956 2598
956 1231
957 967
958 1409
959 1130
960 1292
960 1301
961 1515
963 1519
964 966
964 1481
964 1140
964 1673
964 1432
964 965
965 1060
965 966
965 1481
965 1140
965 981
965 1590
965 1673
965 1432
965 1253
966 1481
966 1131
966 1140
966 1673
967 1400
967 1394
967 1032
967 1561
968 1285
970 1378
970 1396
970 1533
970 974
971 1602
971 2166
971 1326
971 1527
973 993
975 1079
976 1268
976 1393
976 1287
977 1234
978 1593
978 1954
978 1825
979 1825
979 1845
980 1488
981 1140
983 1636
983 1735
983 1002
983 1302
983 1531
984 1048
985 2066
985 2038
985 1102
986 1642
986 1644
986 2605
986 2484
986 2614
986 2616
987 1240
987 1608
988 1515
989 1418
989 1068
990 1774
991 1368
991 1084
992 1354
994 1354
995 1985
995 1230
995 1231
995 1232
995 2673
995 1971
995 1495
995 1178
995 2139
995 1690
996 1015
997 1271
998 1240
998 1241
999 1240
999 1512
999 1463
1000 1185
1001 1354
1002 1735
1003 2146
1003 2182
1003 1897
1003 1004
1003 2028
1003 2483
1003 1364
1003 1469
1003 1343
1004 2146
1004 2350
1004 2483
1004 1364
1004 1469
1004 1343
1005 1313
1006 1025
1006 2040
1006 2360
1007 2217
1007 2426
1007 1919
1008 1569
1008 1011
1008 1486
1009 2175
1009 1079
1010 1569
1010 1061
1010 1651
1010 1578
1010 1011
1010 1182
1011 1569
1013 1156
1014 1056
1014 1091
1015 1338
1016 1729
1016 1670
1016 1070
1016 1205
1016 1110
1016 1305
1016 1466
1017 1574
1018 1136
1018 1139
1018 1142
1019 1256
1019 1290
1020 2577
1020 1322
1020 1328
1020 1329
1020 1337
1021 1464
1022 1282
1023 1090
1024 2338
1024 1053
1024 1335
1025 1388
1025 1290
1025 1712
1025 1238
1025 1449
1026 1105
1026 1433
1027 1322
1027 1388
1027 1336
1028 1042
1028 1435
1028 1610
1028 1037
1029 2456
1029 1090
1030 1136
1030 1946
1030 1796
1031 1328
1032 1335
1033 1174
1034 1178
1034 1730
1035 1216
1035 1218
1036 1662
1037 1042
1037 1610
1037 1470
1038 1196
1039 1354
1040 1354
1041 1321
1042 1043
1042 1435
1043 1435
1044 1341
1044 1365
1045 1540
1046 1344
1046 1121
1046 2706
1046 1345
1047 1344
1047 1345
1047 1348
1047 1354
1047 1355
1047 1420
1049 1329
1049 1498
1049 1292
1050 1389
1050 1171
1050 1492
1050 1591
1050 1306
1050 1499
1051 2576
1051 1052
1052 1066
1053 1568
1053 1191
1053 1607
1053 1197
1053 1463
1054 1249
1055 1059
1055 1284
1057 1307
1057 1359
1057 1484
1058 1211
1058 2454
1060 1890
1060 1136
1060 1523
1060 2039
1061 1578
1061 1651
1061 1244
1062 1323
1062 2651
1062 1254
1063 1136
1063 1065
1063 1628
1063 1153
1064 1937
1065 1153
1065 1106
1065 1305
1065 1279
1067 1801
1067 1814
1068 2499
1068 2500
1069 1096
1069 1455
1069 1685
1070 1153
1071 1329
1071 1498
1071 1292
1072 1520
1073 1112
1073 1569
1073 1636
1073 1182
1074 1174
1075 1340
1076 1086
1076 1078
1076 2461
1077 1153
1078 2461
1078 1086
1079 1389
1079 1103
1079 1315
1079 1718
1079 1724
1080 1321
1080 1129
1081 1082
1081 1259
1082 2312
1082 1259
1083 1660
1084 2035
1085 1292
1086 1641
1086 1545
1086 1582
1086 1527
1086 1240
1087 1512
1088 1565
1089 1354
1091 1288
1092 1484
1093 1659
1093 2228
1093 2085
1094 1659
1094 2228
1094 2085
1095 1360
1095 1456
1095 1433
1097 1393
1098 1305
1098 1911
1099 1178
1100 1464
1101 1328
1101 1111
1102 1413
1102 1479
1102 1174
1102 1370
1103 1579
1104 1260
1104 1262
1105 2356
1106 1305
1107 1328
1107 1617
1108 1504
1108 1506
1108 1507
1108 1503
1109 1328
1109 1570
1109 2151
1110 1728
1110 1729
1111 1570
1111 1412
1111 1328
1111 2292
1111 1339
1112 1512
1112 1618
1112 2415
1112 1403
1113 1153
1113 1380
1114 1696
1114 1261
1114 1603
1114 1588
1114 1371
1114 1117
1115 1252
1116 1593
1117 1603
1117 1225
1117 1261
1117 1588
1117 2089
1117 2332
1118 1540
1119 1203
1119 2405
1120 2275
1120 1677
1121 1344
1121 1640
1121 1138
1122 1194
1122 1534
1123 1483
1123 1188
1123 1674
1123 1354
1123 1680
1123 1176
1124 1566
1124 1567
1125 1483
1125 1496
1126 2371
1126 2372
1126 2489
1126 1497
1126 1212
1127 1153
1128 1288
1128 1393
1129 1222
1129 1190
1130 1334
1131 1253
1132 1309
1133 1666
1134 1264
1134 2281
1135 1442
1135 1444
1135 1174
1136 1286
1136 1575
1136 1558
1136 1516
1136 1740
1136 1523
1136 1333
1136 1142
1136 1594
1137 1459
1137 1687
1138 1344
1138 1420
1138 2706
1138 1597
1139 1572
1139 1598
1140 2294
1140 1311
1141 1240
1141 1241
1141 1172
1143 1404
1143 2165
1143 2429
1144 1509
1145 1323
1146 1676
1147 1240
1147 1347
1147 1241
1148 1355
1148 1534
1148 1597
1149 1891
1149 1323
1149 2044
1149 1150
1150 1323
1150 1630
1151 1350
1152 1453
1153 1205
1153 1410
1153 1675
1153 1611
1153 1455
1153 1219
1153 1204
1153 1257
1154 1531
1155 1601
1155 1328
1155 1812
1155 1407
1157 1704
1157 1700
1158 1555
1158 1550
1159 2564
1159 1485
1160 1166
1161 2657
1161 1702
1161 1592
1161 2324
1161 2423
1161 1560
1162 1613
1163 1497
1163 1498
1163 1534
1164 1584
1164 1570
1164 1626
1165 1327
1167 1330
1167 1331
1167 1332
1169 1284
1169 1454
1170 1198
1172 2341
1172 2108
1173 1328
1173 2583
1174 1297
1175 1628
1175 1325
1176 2272
1176 1285
1176 1354
1176 1592
1177 1620
1177 1627
1177 1180
1177 1519
1178 1476
1178 1736
1178 1737
1178 1230
1178 1231
1178 1232
1178 1362
1178 1688
1178 1690
1180 1620
1181 1431
1182 1569
1182 1578
1182 1684
1182 1726
1183 1193
1183 1202
1184 1784
1184 1362
1184 2199
1185 1521
1186 1268
1186 1309
1187 1234
1188 1354
1189 1643
1189 1687
1190 1321
1191 1290
1191 2423
1192 2150
1192 2473
1194 1621
1195 1323
1195 1203
1195 1630
1197 1290
1197 1484
1197 2634
1198 1296
1198 1683
1199 1702
1199 1550
1200 1520
1201 1240
1203 1411
1203 1630
1204 2624
1206 1544
1207 1333
1208 1434
1208 1429
1209 1215
1210 1453
1211 1520
1211 1247
1212 1552
1212 1497
1213 1649
1214 1635
1215 1699
1215 1707
1216 1299
1216 1571
1216 1719
1217 1349
1218 1670
1218 1516
1218 1424
1218 1299
1218 1571
1218 1530
1220 1608
1220 1484
1220 1618
1221 1797
1221 2703
1222 1321
1223 1607
1223 1422
1223 1335
1224 1333
1224 2673
1225 1333
1226 1234
1226 1290
1227 1236
1228 1688
1228 1649
1228 1693
1228 1687
1229 1615
1230 2598
1230 2470
1230 1231
1231 1985
1231 2086
1231 1232
1231 1495
1232 2211
1232 2598
1234 1510
1234 1263
1234 1275
1235 1512
1235 2508
1236 1669
1237 1457
1237 1484
1237 1422
1237 1521
1238 1500
1238 1290
1238 1550
1239 1387
1240 1347
1240 1527
1240 1241
1241 1347
1241 2559
1243 1524
1243 1245
1244 1596
1245 1520
1245 1524
1246 1520
1249 1408
1249 1728
1249 1474
1249 1734
1249 1473
1250 1251
1252 1634
1252 1477
1252 1485
1253 1311
1254 1464
1256 2675
1256 1644
1257 2087
1257 1872
1257 2259
1257 1719
1257 2175
1258 1520
1259 2213
1259 2312
1259 1944
1260 1312
1260 2090
1260 1269
1261 2089
1263 2585
1264 1738
1265 1725
1266 1576
1266 1301
1266 1663
1267 1512
1267 1500
1267 1335
1268 1414
1268 1898
1268 2419
1268 1842
1268 2323
1268 2140
1268 1757
1269 1312
1269 2618
1270 2342
1270 1335
1272 1281
1272 1282
1272 1451
1272 1604
1272 1346
1273 1422
1274 1303
1274 1305
1275 2290
1275 2291
1275 2617
1276 1504
1276 1506
1276 1525
1276 1503
1277 1476
1277 2277
1277 2470
1277 2152
1277 1533
1278 1534
1281 1282
1281 1604
1281 1451
1281 1346
1281 1471
1282 1446
1282 1494
1282 1471
1283 1547
1283 1284
1283 1318
1285 1382
1285 1298
1287 1414
1287 1397
1287 1437
1288 1414
1288 1461
1288 1593
1288 1502
1289 1452
1290 2080
1290 1644
1290 1712
1290 2329
1290 2169
1290 1918
1291 1548
1293 1592
1293 1600
1293 2284
1293 1606
1298 1592
1299 1392
1300 1320
1300 1342
1301 1595
1301 2346
1303 2347
1303 2202
1304 1354
1305 1575
1305 1740
1306 1499
1306 1310
1307 1657
1308 1504
1308 1506
1308 1507
1308 1503
1310 1499
1312 1428
1312 1622
1313 1655
1313 1382
1313 1623
1314 1529
1315 2595
1315 2452
1317 1354
1319 1391
1322 1622
1322 2539
1324 2076
1324 1747
1324 1543
1325 2170
1325 2309
1326 2144
1326 1602
1326 2434
1326 2161
1326 1747
1327 1569
1328 1568
1328 1412
1328 1513
1328 1644
1328 1584
1328 1423
1329 1986
1329 2127
1333 1514
1333 1708
1333 1467
1333 1369
1334 1696
1335 1478
1335 1607
1335 1512
1335 1337
1335 1339
1336 1478
1337 2300
1337 2343
1338 1654
1339 1570
1339 2443
1339 1678
1339 2677
1342 2454
1343 1456
1343 1363
1343 1364
1344 1345
1345 1640
1346 1451
1348 1537
1348 1535
1351 1498
1352 1672
1352 2674
1353 2302
1353 2317
1354 1674
1354 1420
1354 1426
1354 1695
1354 1465
1354 1680
1355 1640
1355 1648
1356 1430
1357 1461
1357 1511
1358 1661
1358 1567
1361 1463
1362 2175
1363 2475
1363 1364
1363 2168
1363 2653
1364 1705
1364 1469
1366 2562
1366 2373
1366 2374
1366 2413
1366 2414
1366 2513
1366 1373
1366 2239
1370 2692
1373 1718
1374 1548
1375 1452
1376 1546
1376 1727
1377 1642
1378 1440
1378 1540
1378 2485
1379 1611
1380 1611
1380 1717
1381 1524
1383 1384
1383 1398
1385 1706
1385 1653
1386 2360
1386 1715
1388 1586
1389 2707
1390 1491
1393 1414
1393 1397
1393 1437
1393 1502
1395 1541
1399 1463
1401 2605
1401 1554
1405 1463
1406 1463
1407 1626
1407 1812
1408 1931
1408 1921
1409 1797
1409 2600
1409 2220
1409 2703
1411 2203
1412 1431
1415 1504
1415 1506
1415 1525
1417 1421
1418 2499
1419 1550
1422 1657
1423 2583
1424 1530
1424 1799
1425 1550
1427 1550
1428 1601
1428 2539
1428 2229
1428 1622
1428 2617
1428 2424
1428 2329
1428 2493
1428 2079
1429 1601
1430 1484
1432 1573
1437 1593
1441 1638
1441 1717
1442 1444
1442 1445
1443 1540
1447 1515
1447 1581
1448 1621
1450 1710
1451 1604
1455 1685
1455 1694
1456 1469
1457 1462
1458 1714
1459 2404
1459 1687
1459 1540
1459 2221
1459 2078
1461 1593
1462 1657
1463 1512
1464 1470
1466 1650
1469 1705
1469 1661
1471 1633
1471 1501
1473 1474
1474 1728
1475 1642
1478 2338
1479 2017
1479 2543
1480 1532
1481 1573
1482 1484
1483 2052
1483 2060
1483 1498
1484 1692
1484 1521
1484 1522
1484 1500
1486 1569
1487 1528
1487 1532
1488 1668
1488 1490
1491 1605
1492 1724
1493 1732
1498 2158
1498 2450
1498 2398
1498 1534
1500 2180
1503 1504
1503 1507
1503 1525
1504 1506
1504 1507
1504 1525
1505 2560
1506 1507
1506 1525
1508 1724
1510 2057
1512 1608
1512 1671
1513 1812
1515 1581
1515 1711
1517 1612
1518 1536
1520 1709
1520 1524
1520 1526
1524 1526
1527 2561
1527 2166
1527 1894
1527 1543
1527 2088
1527 2524
1527 2221
1527 2420
1527 1747
1527 2076
1527 2525
1530 2089
1533 1730
1534 1556
1534 1597
1535 1537
1536 1728
1536 2504
1537 1556
1538 1724
1539 2091
1545 1582
1545 1909
1549 1602
1550 1555
1550 1624
1552 1553
1552 1554
1553 1554
1557 1649
1557 1687
1558 2564
1559 1664
1559 2658
1559 1697
1559 1703
1559 1683
1559 1791
1560 2198
1562 1637
1564 1672
1566 1567
1569 1609
1569 1684
1569 1587
1569 1721
1569 1679
1569 1726
1570 1678
1571 2202
1572 1598
1573 1673
1573 2174
1576 1595
1577 1580
1578 1651
1578 1622
1580 1625
1581 1711
1582 2017
1582 1908
1582 1909
1582 2677
1583 2396
1583 2563
1584 1626
1584 2037
1584 2151
1588 2334
1591 1701
1592 1734
1595 1824
1595 1862
1595 1863
1595 2346
1595 1964
1595 1776
1595 2675
1595 1657
1599 1697
1601 1644
1601 2423
1603 2089
1606 2381
1608 2225
1613 1619
1613 1614
1614 1619
1615 1639
1618 2343
1619 1723
1619 1722
1626 1698
1626 1735
1631 2330
1631 2604
1631 2598
1631 2407
1632 1687
1635 1706
1636 1684
1636 2074
1640 2706
1643 1649
1644 1732
1644 2614
1644 1862
1644 2409
1644 1863
1644 1964
1644 2484
1644 2423
1644 2616
1644 2364
1647 1908
1647 2074
1647 1684
1647 2586
1647 2615
1649 1687
1652 1659
1656 2357
1656 1822
1656 1710
1663 2504
1663 1756
1664 1697
1667 1697
1668 2378
1668 1910
1668 2535
1674 1680
1679 1726
1681 1682
1683 1697
1684 1726
1686 2282
1686 2426
1689 1738
1690 1736
1696 1769
1696 2250
1696 1771
1696 1872
1696 1971
1696 1943
1696 2330
1696 2175
1697 1703
1698 2597
1699 2656
1705 2356
1713 1716
1713 1991
1713 1992
1713 1870
1713 2002
1713 2510
1713 2153
1713 1978
1713 1982
1715 1734
1716 1991
1716 2153
1716 1982
1718 1867
1718 2413
1718 2414
1718 2582
1718 2138
1719 2261
1719 1911
1719 2363
1719 2175
1722 1723
1728 1775
1732 2225
1732 2423
1736 1737
1741 1841
1742 2456
1743 2192
1744 2041
1745 2641
1745 2175
1746 1948
1747 2434
1747 2160
1747 2559
1748 2182
1749 2164
1750 2106
1751 2691
1752 2706
1753 2268
1754 1867
1754 1869
1755 2432
1756 2603
1756 2613
1757 1842
1757 2221
1757 2341
1758 2412
1759 2288
1759 2697
1759 2698
1760 1879
1761 2208
1762 2694
1762 2495
1763 2611
1764 1770
1764 1938
1765 1770
1765 1938
1766 1810
1767 2257
1768 2257
1769 2330
1770 1938
1771 1872
1771 1775
1772 2307
1772 2351
1773 2545
1774 1968
1774 2619
1774 1891
1775 1793
1775 2082
1775 1795
1775 2116
1776 2543
1777 2064
1777 1802
1778 2024
1779 2007
1780 2007
1781 1819
1781 2663
1782 2328
1783 2348
1784 2688
1784 2705
1784 2199
1785 2564
1786 2207
1787 2499
1787 2676
1788 2178
1788 1795
1788 2181
1789 2469
1790 2334
1791 1859
1792 2067
1793 2181
1793 2082
1793 1795
1793 2178
1794 2545
1794 2178
1794 1795
1795 2181
1795 2178
1795 2082
1795 2545
1796 1917
1796 2001
1797 2200
1798 2120
1799 2205
1800 2016
1800 1994
1800 1995
1800 1901
1800 1907
1801 1821
1801 1814
1802 2064
1803 1913
1804 2289
1804 1805
1805 2289
1806 2570
1806 2279
1807 2490
1808 2210
1809 2585
1809 2071
1811 2410
1812 2364
1813 2393
1813 1818
1815 2670
1815 2671
1816 1934
1816 2485
1817 2464
1818 2073
1818 2029
1819 2580
1820 2569
1820 2383
1822 2662
1823 2580
1823 2487
1824 2675
1824 2006
1825 1966
1826 2630
1827 2083
1827 1962
1827 2224
1827 2110
1828 2018
1828 2014
1829 2421
1830 2585
1830 2466
1831 1832
1831 1836
1832 1836
1832 2334
1833 2367
1834 1905
1835 2011
1835 2182
1836 2334
1837 2132
1838 2380
1838 2514
1838 1908
1839 2688
1839 2705
1840 2688
1840 2705
1842 2341
1843 2626
1844 1979
1844 1845
1845 1979
1846 2537
1846 1927
1846 1847
1847 1927
1848 2483
1849 2163
1850 2554
1851 1896
1852 2592
1853 2320
1853 1861
1854 2048
1854 1864
1854 2122
1854 2482
1854 2645
1854 1976
1854 2299
1854 1855
1855 2299
1855 1864
1855 2122
1855 2482
1855 2075
1856 2421
1857 2540
1857 2020
1857 2681
1858 2528
1858 2481
1860 2658
1860 2428
1860 2430
1862 1964
1862 2675
1862 1863
1863 1964
1864 2122
1864 2276
1865 2107
1866 2272
1868 2421
1869 2409
1870 2362
1871 2499
1873 1998
1874 1920
1875 2553
1875 1891
1875 2439
1876 2634
1877 2215
1878 2624
1878 2571
1879 2355
1880 2302
1881 2449
1881 2450
1882 1989
1883 2177
1884 1902
1884 1885
1884 1886
1885 1902
1885 1886
1886 1902
1887 2258
1887 1902
1888 2427
1889 2648
1889 2586
1890 2039
1892 2131
1893 1908
1893 1895
1894 2144
1894 2524
1896 2393
1897 2146
1897 2182
1898 2140
1898 2108
1899 2292
1900 2492
1901 2301
1903 2612
1904 2556
1906 2421
1907 1995
1907 2301
1908 2561
1908 2514
1909 2677
1910 2242
1910 2661
1910 2081
1910 2506
1910 2375
1910 2159
1910 2416
1910 2488
1910 2575
1910 2366
1911 2087
1911 2206
1912 1932
1914 2176
1915 2497
1915 1981
1916 2400
1917 2334
1918 2329
1919 2426
1919 2431
1921 2402
1921 1931
1922 2026
1923 1928
1923 2114
1923 2227
1924 2040
1924 2327
1925 2392
1925 2133
1925 2206
1926 1941
1927 2537
1928 2114
1928 2570
1928 2124
1929 2349
1930 2512
1931 2402
1931 2277
1931 2624
1932 2024
1933 2660
1934 2463
1935 2340
1935 2499
1936 1943
1937 2293
1939 2307
1940 2220
1940 2250
1940 2175
1942 2573
1944 2091
1945 1993
1946 2516
1947 2557
1949 1960
1950 2226
1950 2220
1951 2303
1952 2393
1952 2396
1952 2029
1953 2107
1954 2150
1954 2183
1954 2222
1955 2194
1955 2149
1955 2190
1956 2649
1956 2527
1957 2536
1958 2226
1958 2220
1959 2259
1961 2100
1961 2527
1962 2509
1963 2195
1964 2675
1965 2089
1967 2346
1968 2619
1969 2200
1969 2363
1969 2051
1969 2309
1970 2486
1971 2211
1972 2620
1973 2451
1974 2227
1975 2408
1975 2689
1975 2655
1977 2153
1977 2219
1977 2510
1977 2318
1978 2510
1980 2457
1980 2202
1981 2491
1982 2153
1983 2078
1984 2379
1984 2206
1985 2065
1986 2338
1986 2462
1987 2607
1988 2401
1990 2093
1991 2510
1992 2153
1993 2546
1994 2097
1994 1995
1994 2241
1995 2097
1996 1997
1999 2515
1999 2003
2000 2115
2002 2510
2002 2153
2003 2515
2004 2040
2004 2360
2005 2345
2008 2153
2008 2219
2008 2022
2009 2534
2010 2447
2011 2633
2011 2182
2012 2135
2013 2382
2014 2018
2015 2034
2015 2092
2015 2327
2017 2677
2019 2147
2021 2218
2021 2428
2022 2153
2022 2219
2023 2135
2025 2153
2025 2693
2025 2377
2026 2552
2027 2409
2028 2653
2029 2393
2030 2659
2030 2316
2030 2128
2030 2130
2030 2131
2030 2077
2031 2171
2032 2171
2033 2622
2034 2327
2035 2303
2036 2696
2037 2151
2038 2692
2039 2254
2040 2360
2042 2428
2043 2270
2044 2683
2045 2550
2046 2107
2047 2111
2049 2218
2049 2410
2049 2306
2050 2378
2052 2062
2053 2690
2053 2054
2053 2685
2054 2685
2055 2352
2056 2095
2057 2465
2057 2695
2057 2215
2058 2232
2059 2651
2060 2062
2061 2062
2062 2066
2063 2494
2065 2086
2066 2674
2068 2228
2069 2434
2070 2640
2070 2602
2072 2227
2074 2615
2074 2607
2076 2559
2078 2474
2078 2406
2079 2609
2080 2329
2080 2609
2081 2366
2081 2159
2082 2545
2082 2178
2083 2511
2084 2615
2085 2228
2087 2175
2087 2261
2088 2167
2088 2524
2088 2525
2090 2530
2091 2438
2091 2617
2094 2164
2095 2230
2096 2142
2098 2099
2098 2156
2100 2527
2101 2470
2102 2664
2103 2334
2104 2302
2105 2621
2106 2649
2107 2496
2107 2571
2107 2574
2108 2140
2109 2185
2111 2302
2112 2572
2113 2586
2113 2623
2114 2124
2116 2125
2117 2639
2118 2442
2119 2154
2121 2212
2123 2482
2126 2339
2126 2426
2126 2213
2126 2591
2127 2338
2128 2479
2129 2454
2131 2319
2133 2206
2133 2199
2134 2644
2135 2583
2135 2333
2136 2148
2137 2508
2138 2285
2139 2226
2139 2220
2140 2292
2141 2418
2141 2511
2143 2181
2145 2408
2146 2182
2147 2498
2147 2499
2149 2194
2149 2188
2149 2190
2150 2305
2150 2179
2150 2183
2150 2222
2151 2342
2152 2429
2153 2699
2153 2219
2153 2318
2155 2467
2157 2565
2158 2449
2159 2661
2160 2434
2161 2167
2162 2586
2162 2599
2164 2521
2165 2193
2165 2363
2166 2167
2166 2524
2168 2350
2169 2420
2170 2237
2172 2692
2173 2204
2174 2687
2175 2250
2175 2259
2175 2361
2175 2249
2175 2206
2176 2535
2178 2181
2178 2545
2178 2582
2179 2183
2180 2577
2182 2633
2183 2305
2184 2398
2186 2321
2187 2321
2187 2314
2188 2194
2188 2190
2188 2189
2189 2194
2189 2365
2189 2190
2190 2194
2190 2365
2191 2275
2196 2267
2197 2342
2198 2537
2198 2695
2200 2703
2201 2233
2202 2638
2203 2397
2203 2405
2206 2379
2206 2261
2208 2234
2208 2235
2208 2313
2209 2689
2213 2290
2213 2253
2213 2539
2214 2223
2215 2650
2216 2688
2216 2361
2216 2705
2217 2282
2218 2337
2220 2563
2220 2600
2220 2252
2220 2478
2220 2226
2221 2404
2225 2423
2226 2478
2227 2390
2229 2663
2231 2635
2236 2435
2236 2542
2236 2262
2237 2274
2238 2271
2239 2507
2239 2413
2239 2414
2239 2513
2240 2466
2242 2458
2242 2661
2243 2244
2243 2245
2245 2471
2246 2475
2246 2356
2247 2701
2247 2263
2248 2296
2249 2271
2250 2271
2251 2296
2252 2277
2252 2271
2253 2591
2254 2347
2255 2412
2256 2597
2257 2444
2259 2261
2259 2271
2260 2501
2262 2435
2262 2542
2263 2701
2264 2519
2265 2347
2266 2421
2268 2275
2268 2445
2269 2277
2273 2360
2275 2522
2275 2445
2277 2624
2278 2284
2279 2579
2280 2286
2281 2429
2282 2426
2283 2284
2285 2311
2287 2315
2288 2697
2290 2291
2294 2380
2294 2529
2295 2667
2297 2304
2298 2518
2300 2636
2301 2588
2306 2594
2308 2652
2310 2607
2310 2583
2311 2448
2312 2587
2316 2659
2317 2624
2317 2429
2319 2479
2320 2511
2321 2370
2322 2498
2322 2499
2322 2500
2323 2419
2324 2326
2325 2538
2329 2589
2330 2604
2330 2598
2331 2694
2332 2334
2333 2583
2334 2353
2335 2378
2336 2579
2337 2610
2337 2606
2338 2443
2338 2677
2341 2425
2342 2593
2342 2577
2343 2443
2344 2707
2345 2418
2345 2511
2348 2682
2354 2455
2354 2360
2357 2499
2358 2503
2359 2520
2362 2510
2365 2668
2366 2458
2366 2506
2366 2575
2367 2577
2368 2642
2369 2607
2371 2489
2372 2489
2372 2398
2373 2374
2373 2507
2373 2413
2373 2414
2374 2513
2374 2507
2375 2416
2375 2661
2376 2499
2376 2500
2376 2422
2380 2561
2380 2514
2381 2667
2384 2460
2385 2676
2385 2499
2386 2387
2388 2575
2389 2421
2391 2427
2391 2548
2394 2427
2395 2665
2396 2563
2397 2405
2398 2399
2399 2626
2403 2581
2407 2704
2409 2543
2409 2672
2411 2666
2415 2530
2416 2506
2417 2532
2418 2511
2421 2654
2421 2590
2422 2499
2422 2500
2423 2627
2423 2657
2424 2589
2425 2474
2426 2431
2426 2493
2427 2548
2427 2591
2429 2624
2429 2667
2430 2647
2431 2591
2433 2437
2436 2649
2440 2543
2441 2585
2446 2451
2448 2526
2449 2450
2452 2595
2453 2666
2458 2506
2459 2606
2461 2492
2467 2468
2470 2643
2470 2646
2472 2476
2473 2551
2477 2678
2480 2485
2482 2645
2484 2616
2484 2614
2486 2586
2492 2547
2495 2694
2496 2571
2498 2500
2498 2567
2498 2499
2499 2505
2499 2500
2502 2605
2504 2667
2506 2661
2506 2575
2508 2577
2509 2618
2514 2558
2517 2533
2521 2529
2523 2684
2531 2566
2536 2629
2541 2673
2543 2674
2544 2568
2549 2608
2555 2560
2562 2595
2576 2678
2578 2679
2584 2632
2596 2680
2596 2669
2596 2686
2601 2631
2606 2611
2606 2662
2612 2625
2614 2616
2624 2702
2626 2656
2628 2629
2637 2652
2643 2646
2647 2658
2695 2696
2697 2698
2697 2700
2698 2700
