0 120
0 125
0 190
0 246
1 12
1 85
1 131
1 140
1 215
2 9
2 14
2 30
2 74
2 149
2 216
2 242
3 8
3 14
4 7
4 89
4 164
4 180
4 198
4 201
4 254
5 11
5 12
5 130
5 146
5 215
5 225
6 7
6 16
6 17
6 55
6 117
6 158
6 161
7 97
7 98
7 121
7 123
7 205
7 252
8 14
8 211
8 232
8 254
9 15
9 76
9 94
9 135
9 144
9 217
10 15
11 12
11 14
11 45
11 47
11 53
11 129
11 203
11 250
12 48
12 52
12 80
12 98
12 154
12 239
12 255
13 14
13 79
13 138
13 189
14 206
14 230
15 101
15 157
15 193
16 19
16 31
16 44
16 53
16 184
16 193
16 247
16 250
17 20
17 28
17 31
17 217
18 19
18 24
18 27
18 61
18 108
18 195
18 201
18 211
19 20
19 26
19 27
19 38
19 191
20 22
20 49
20 96
20 103
20 127
20 169
20 204
20 216
20 246
21 23
21 24
21 30
21 31
21 80
21 142
21 212
21 228
22 30
22 31
22 41
22 106
22 111
22 120
22 200
23 25
23 29
23 154
23 204
23 230
23 243
23 254
24 81
24 145
24 199
24 211
25 76
25 79
25 95
25 186
25 197
25 198
25 222
26 28
26 29
26 31
26 59
26 104
26 130
26 143
26 197
26 202
26 214
27 28
27 116
27 136
27 210
27 234
28 107
28 215
29 57
29 131
30 75
30 110
30 122
30 124
30 132
30 143
30 168
31 34
31 42
31 93
31 94
31 95
31 114
31 124
31 185
31 201
32 34
32 37
32 38
32 44
32 53
32 56
32 173
32 246
33 35
33 37
33 38
33 41
33 51
33 193
33 227
34 39
34 43
34 106
34 120
34 139
34 149
34 152
34 182
34 201
34 225
35 40
35 46
35 47
35 139
35 148
35 167
35 189
35 219
36 44
36 61
36 104
36 217
37 41
37 47
37 103
37 122
37 125
38 41
38 44
38 177
38 208
38 234
39 40
39 41
39 43
39 45
39 94
39 132
39 148
39 173
39 223
39 232
40 41
40 47
41 42
41 44
41 47
41 52
41 72
41 145
42 43
42 46
42 50
42 148
42 165
42 169
42 245
43 104
43 144
43 176
43 231
43 232
44 47
44 131
45 47
45 152
45 219
46 48
46 99
46 123
46 221
46 249
47 77
47 106
48 51
48 57
48 75
48 86
48 135
48 147
48 170
48 172
49 50
49 79
49 82
49 127
49 248
50 52
50 56
50 65
50 202
50 211
51 53
51 56
51 58
51 61
51 63
51 163
51 200
51 238
51 247
52 57
52 58
52 79
52 90
52 139
52 194
53 57
53 60
53 68
53 237
54 58
55 58
55 61
55 76
55 81
55 114
55 178
55 250
56 57
56 58
56 59
56 61
56 128
56 150
56 176
56 217
57 106
57 129
57 173
57 208
57 212
58 89
58 157
58 188
58 237
59 66
59 157
59 177
60 63
60 108
60 114
60 221
60 243
61 62
61 63
61 118
61 186
62 118
62 195
62 234
63 215
64 66
64 75
64 77
64 88
64 106
64 115
64 138
64 222
65 77
65 82
65 125
65 138
65 226
65 252
66 69
66 70
66 74
66 190
66 198
67 76
67 117
67 199
68 70
68 167
69 75
69 76
69 88
69 124
69 243
69 245
69 249
70 99
70 111
70 184
70 190
70 196
70 224
71 72
71 73
71 75
71 76
71 79
71 151
71 171
71 244
72 73
72 98
72 171
72 188
72 190
72 199
72 224
72 245
73 74
73 187
73 248
75 76
75 122
75 148
75 168
75 183
75 213
75 230
75 232
75 234
76 77
76 78
76 141
76 217
76 252
77 107
77 116
77 129
77 241
77 247
78 79
78 212
79 169
79 186
79 209
80 82
80 92
80 93
80 94
80 95
80 100
80 101
80 141
81 89
81 93
81 94
81 99
81 157
81 172
81 202
81 213
82 83
82 84
82 156
82 167
82 250
83 86
83 91
83 192
83 220
83 230
84 91
84 147
84 150
84 178
84 182
84 183
84 235
85 94
85 99
85 254
86 93
86 103
86 118
87 94
87 95
87 155
87 167
87 224
88 89
88 97
88 211
88 238
88 246
89 91
89 94
89 150
89 240
90 92
90 95
90 110
90 133
90 143
90 180
90 186
90 218
90 237
91 94
91 95
91 170
91 231
91 242
91 243
91 251
92 93
92 95
92 122
92 172
92 184
93 200
94 105
94 127
94 198
94 236
95 192
95 231
96 98
96 100
96 102
96 104
96 107
96 150
97 98
97 99
97 107
97 109
97 198
97 214
98 99
98 101
98 104
98 109
98 110
98 170
98 188
98 197
98 253
99 104
99 109
99 161
100 102
100 104
100 106
100 107
100 183
100 184
101 107
101 110
101 212
102 107
102 109
102 111
102 160
102 164
102 228
103 107
103 110
103 165
103 198
103 201
103 222
103 237
104 105
104 110
104 174
104 183
105 109
105 142
105 156
105 209
106 107
106 157
106 185
106 189
106 253
107 125
107 254
108 207
109 118
109 135
109 210
109 230
109 242
109 255
110 131
110 133
110 169
110 178
110 202
110 210
111 123
111 185
111 254
112 113
112 123
112 134
112 242
113 212
114 119
114 120
114 207
114 245
115 118
115 123
115 127
115 139
115 165
115 177
115 237
116 125
116 153
116 213
116 218
117 118
117 127
117 146
118 119
118 125
118 177
118 191
118 229
119 123
119 212
120 121
120 123
120 126
120 127
120 156
121 122
121 197
121 234
121 243
122 123
122 124
122 126
122 143
122 194
122 215
123 125
123 127
123 164
123 184
123 188
124 187
124 243
125 150
125 160
125 192
125 213
126 211
126 212
126 220
126 224
127 153
127 156
127 176
127 183
127 195
127 242
128 138
128 147
128 205
128 237
129 131
129 132
129 135
129 139
129 141
129 142
129 148
129 236
129 239
130 132
130 134
130 135
130 138
130 139
130 158
131 143
131 200
131 211
132 166
132 171
132 206
132 207
132 238
132 253
133 134
133 135
133 137
133 152
133 164
133 198
133 220
133 245
134 142
134 159
134 179
135 136
135 162
135 229
135 240
135 247
136 143
136 151
136 157
136 188
136 204
136 213
137 142
137 143
137 207
137 218
137 228
137 234
138 153
138 176
138 211
138 236
138 243
139 141
140 163
140 217
142 187
143 150
143 190
143 201
143 241
144 146
144 151
144 154
144 182
144 249
144 254
145 148
145 151
145 161
145 187
145 193
145 202
145 241
146 149
146 150
146 153
146 158
146 205
146 224
147 152
147 154
147 217
148 149
148 154
148 156
148 212
149 154
149 180
150 216
150 233
151 178
151 180
151 228
152 159
152 207
153 158
153 208
154 156
154 201
154 228
155 173
155 197
156 158
156 166
157 159
157 173
158 193
158 235
158 241
158 255
159 204
159 216
160 161
160 167
160 174
160 198
160 202
160 208
160 233
161 163
161 173
162 170
162 171
163 164
163 165
163 166
163 168
163 232
164 168
164 171
164 174
164 179
164 191
165 169
165 172
165 173
165 206
165 235
166 170
166 174
168 238
169 170
171 197
171 199
172 173
172 220
172 226
173 175
173 237
173 242
174 202
174 213
174 217
174 234
175 197
175 211
175 236
175 242
176 179
176 180
176 181
176 189
176 191
177 188
177 229
177 239
178 183
178 185
178 186
178 191
178 195
178 220
179 185
179 191
180 187
180 188
180 189
180 191
180 194
180 225
181 182
181 188
181 209
181 251
182 183
182 186
183 187
183 190
183 220
184 185
184 251
185 187
185 189
185 191
186 187
186 224
186 248
187 189
187 205
187 253
188 190
189 190
189 253
191 199
191 221
191 250
192 202
192 239
192 251
193 194
193 195
193 200
193 201
193 204
193 211
193 245
194 196
194 205
194 206
194 211
194 212
194 233
194 245
195 198
195 208
196 197
198 199
198 204
199 203
200 204
200 207
201 203
201 238
201 252
202 215
202 216
203 204
203 205
203 208
203 235
203 247
204 219
206 246
208 214
208 219
208 237
209 211
209 215
209 217
209 220
210 216
210 217
210 220
210 221
210 223
211 214
211 221
212 217
212 221
213 220
213 221
213 236
214 220
214 223
215 216
215 223
215 226
215 228
216 218
216 221
217 237
218 219
218 221
218 222
218 223
219 238
222 223
223 245
224 234
224 235
225 226
225 229
225 234
226 227
226 233
227 228
227 229
227 234
227 251
228 230
228 233
228 235
229 234
230 234
230 235
230 238
230 244
231 232
231 236
231 251
232 237
232 239
233 237
234 237
236 243
237 249
237 255
240 245
240 253
240 254
240 255
241 247
241 250
241 251
241 255
242 243
242 249
243 251
244 247
244 248
244 255
245 246
245 247
245 250
246 248
246 249
246 252
246 255
247 254
248 250
248 254
248 255
